318.408
318.779
319.15
319.521	
319.892	
320.263	
320.634	
321.005	
321.375	
321.746	
322.117	
322.488	
322.858	
323.229	
323.6	
323.97	
324.341	
324.711	
325.082	
325.452	
325.822	
326.193	
326.563	
326.933	
327.304	
327.674	
328.044	
328.414	
328.784	
329.154	
329.525	
329.895	
330.265	
330.634	
331.004	
331.374	
331.744	
332.114	
332.484	
332.853	
333.223	
333.593	
333.962	
334.332	
334.702	
335.071	
335.441	
335.81	
336.179	
336.549	
336.918	
337.287	
337.657	
338.026	
338.395	
338.764	
339.133	
339.503	
339.872	
340.241	
340.61	
340.979	
341.348	
341.716	
342.085	
342.454	
342.823	
343.192	
343.56	
343.929	
344.298	
344.666	
345.035	
345.403	
345.772	
346.14	
346.509	
346.877	
347.246	
347.614	
347.982	
348.351	
348.719	
349.087	
349.455	
349.823	
350.191	
350.559	
350.927	
351.295	
351.663	
352.031	
352.399	
352.767	
353.135	
353.502	
353.87	
354.238	
354.606	
354.973	
355.341	
355.708	
356.076	
356.443	
356.811	
357.178	
357.545	
357.913	
358.28	
358.647	
359.015	
359.382	
359.749	
360.116	
360.483	
360.85	
361.217	
361.584	
361.951	
362.318	
362.685	
363.052	
363.419	
363.785	
364.152	
364.519	
364.885	
365.252	
365.619	
365.985	
366.352	
366.718	
367.085	
367.451	
367.817	
368.184	
368.55	
368.916	
369.283	
369.649	
370.015	
370.381	
370.747	
371.113	
371.479	
371.845	
372.211	
372.577	
372.943	
373.309	
373.675	
374.04	
374.406	
374.772	
375.137	
375.503	
375.869	
376.234	
376.6	
376.965	
377.331	
377.696	
378.061	
378.427	
378.792	
379.157	
379.522	
379.888	
380.253	
380.618	
380.983	
381.348	
381.713	
382.078	
382.443	
382.808	
383.173	
383.537	
383.902	
384.267	
384.632	
384.996	
385.361	
385.726	
386.09	
386.455	
386.819	
387.184	
387.548	
387.913	
388.277	
388.641	
389.005	
389.37	
389.734	
390.098	
390.462	
390.826	
391.19	
391.554	
391.918	
392.282	
392.646	
393.01	
393.374	
393.738	
394.102	
394.465	
394.829	
395.193	
395.556	
395.92	
396.283	
396.647	
397.01	
397.374	
397.737	
398.101	
398.464	
398.827	
399.19	
399.554	
399.917	
400.28	
400.643	
401.006	
401.369	
401.732	
402.095	
402.458	
402.821	
403.184	
403.547	
403.909	
404.272	
404.635	
404.997	
405.36	
405.723	
406.085	
406.448	
406.81	
407.173	
407.535	
407.897	
408.26	
408.622	
408.984	
409.347	
409.709	
410.071	
410.433	
410.795	
411.157	
411.519	
411.881	
412.243	
412.605	
412.967	
413.329	
413.69	
414.052	
414.414	
414.775	
415.137	
415.499	
415.86	
416.222	
416.583	
416.945	
417.306	
417.667	
418.029	
418.39	
418.751	
419.113	
419.474	
419.835	
420.196	
420.557	
420.918	
421.279	
421.64	
422.001	
422.362	
422.723	
423.083	
423.444	
423.805	
424.166	
424.526	
424.887	
425.248	
425.608	
425.969	
426.329	
426.689	
427.05	
427.41	
427.771	
428.131	
428.491	
428.851	
429.211	
429.572	
429.932	
430.292	
430.652	
431.012	
431.372	
431.732	
432.092	
432.451	
432.811	
433.171	
433.531	
433.89	
434.25	
434.61	
434.969	
435.329	
435.688	
436.048	
436.407	
436.766	
437.126	
437.485	
437.844	
438.204	
438.563	
438.922	
439.281	
439.64	
439.999	
440.358	
440.717	
441.076	
441.435	
441.794	
442.153	
442.511	
442.87	
443.229	
443.587	
443.946	
444.305	
444.663	
445.022	
445.38	
445.739	
446.097	
446.455	
446.814	
447.172	
447.53	
447.888	
448.247	
448.605	
448.963	
449.321	
449.679	
450.037	
450.395	
450.753	
451.111	
451.468	
451.826	
452.184	
452.542	
452.899	
453.257	
453.615	
453.972	
454.33	
454.687	
455.045	
455.402	
455.759	
456.117	
456.474	
456.831	
457.188	
457.546	
457.903	
458.26	
458.617	
458.974	
459.331	
459.688	
460.045	
460.402	
460.758	
461.115	
461.472	
461.829	
462.185	
462.542	
462.899	
463.255	
463.612	
463.968	
464.325	
464.681	
465.037	
465.394	
465.75	
466.106	
466.462	
466.819	
467.175	
467.531	
467.887	
468.243	
468.599	
468.955	
469.311	
469.667	
470.022	
470.378	
470.734	
471.09	
471.445	
471.801	
472.157	
472.512	
472.868	
473.223	
473.579	
473.934	
474.289	
474.645	
475	
475.355	
475.71	
476.066	
476.421	
476.776	
477.131	
477.486	
477.841	
478.196	
478.551	
478.905	
479.26	
479.615	
479.97	
480.324	
480.679	
481.034	
481.388	
481.743	
482.097	
482.452	
482.806	
483.161	
483.515	
483.869	
484.224	
484.578	
484.932	
485.286	
485.64	
485.994	
486.348	
486.702	
487.056	
487.41	
487.764	
488.118	
488.472	
488.826	
489.179	
489.533	
489.887	
490.24	
490.594	
490.947	
491.301	
491.654	
492.008	
492.361	
492.714	
493.068	
493.421	
493.774	
494.127	
494.48	
494.833	
495.186	
495.539	
495.892	
496.245	
496.598	
496.951	
497.304	
497.657	
498.009	
498.362	
498.715	
499.067	
499.42	
499.773	
500.125	
500.478	
500.83	
501.182	
501.535	
501.887	
502.239	
502.591	
502.944	
503.296	
503.648	
504	
504.352	
504.704	
505.056	
505.408	
505.76	
506.112	
506.463	
506.815	
507.167	
507.518	
507.87	
508.222	
508.573	
508.925	
509.276	
509.628	
509.979	
510.33	
510.682	
511.033	
511.384	
511.735	
512.086	
512.438	
512.789	
513.14	
513.491	
513.842	
514.193	
514.543	
514.894	
515.245	
515.596	
515.946	
516.297	
516.648	
516.998	
517.349	
517.699	
518.05	
518.4	
518.751	
519.101	
519.451	
519.802	
520.152	
520.502	
520.852	
521.202	
521.552	
521.902	
522.252	
522.602	
522.952	
523.302	
523.652	
524.002	
524.351	
524.701	
525.051	
525.4	
525.75	
526.1	
526.449	
526.799	
527.148	
527.497	
527.847	
528.196	
528.545	
528.894	
529.244	
529.593	
529.942	
530.291	
530.64	
530.989	
531.338	
531.687	
532.036	
532.384	
532.733	
533.082	
533.431	
533.779	
534.128	
534.477	
534.825	
535.174	
535.522	
535.87	
536.219	
536.567	
536.915	
537.264	
537.612	
537.96	
538.308	
538.656	
539.004	
539.352	
539.7	
540.048	
540.396	
540.744	
541.092	
541.44	
541.787	
542.135	
542.483	
542.83	
543.178	
543.525	
543.873	
544.22	
544.568	
544.915	
545.262	
545.609	
545.957	
546.304	
546.651	
546.998	
547.345	
547.692	
548.039	
548.386	
548.733	
549.08	
549.427	
549.774	
550.12	
550.467	
550.814	
551.16	
551.507	
551.853	
552.2	
552.546	
552.893	
553.239	
553.585	
553.932	
554.278	
554.624	
554.97	
555.316	
555.663	
556.009	
556.355	
556.701	
557.046	
557.392	
557.738	
558.084	
558.43	
558.775	
559.121	
559.467	
559.812	
560.158	
560.503	
560.849	
561.194	
561.54	
561.885	
562.23	
562.576	
562.921	
563.266	
563.611	
563.956	
564.301	
564.646	
564.991	
565.336	
565.681	
566.026	
566.371	
566.715	
567.06	
567.405	
567.749	
568.094	
568.439	
568.783	
569.128	
569.472	
569.816	
570.161	
570.505	
570.849	
571.193	
571.538	
571.882	
572.226	
572.57	
572.914	
573.258	
573.602	
573.946	
574.29	
574.633	
574.977	
575.321	
575.665	
576.008	
576.352	
576.695	
577.039	
577.382	
577.726	
578.069	
578.412	
578.756	
579.099	
579.442	
579.785	
580.129	
580.472	
580.815	
581.158	
581.501	
581.844	
582.187	
582.529	
582.872	
583.215	
583.558	
583.9	
584.243	
584.586	
584.928	
585.271	
585.613	
585.955	
586.298	
586.64	
586.982	
587.325	
587.667	
588.009	
588.351	
588.693	
589.035	
589.377	
589.719	
590.061	
590.403	
590.745	
591.087	
591.428	
591.77	
592.112	
592.453	
592.795	
593.137	
593.478	
593.82	
594.161	
594.502	
594.844	
595.185	
595.526	
595.867	
596.208	
596.55	
596.891	
597.232	
597.573	
597.914	
598.255	
598.595	
598.936	
599.277	
599.618	
599.958	
600.299	
600.64	
600.98	
601.321	
601.661	
602.002	
602.342	
602.682	
603.023	
603.363	
603.703	
604.043	
604.383	
604.724	
605.064	
605.404	
605.744	
606.084	
606.423	
606.763	
607.103	
607.443	
607.783	
608.122	
608.462	
608.801	
609.141	
609.48	
609.82	
610.159	
610.499	
610.838	
611.177	
611.516	
611.856	
612.195	
612.534	
612.873	
613.212	
613.551	
613.89	
614.229	
614.568	
614.907	
615.245	
615.584	
615.923	
616.261	
616.6	
616.938	
617.277	
617.615	
617.954	
618.292	
618.631	
618.969	
619.307	
619.645	
619.984	
620.322	
620.66	
620.998	
621.336	
621.674	
622.012	
622.349	
622.687	
623.025	
623.363	
623.701	
624.038	
624.376	
624.713	
625.051	
625.388	
625.726	
626.063	
626.4	
626.738	
627.075	
627.412	
627.749	
628.087	
628.424	
628.761	
629.098	
629.435	
629.772	
630.108	
630.445	
630.782	
631.119	
631.455	
631.792	
632.129	
632.465	
632.802	
633.138	
633.475	
633.811	
634.147	
634.484	
634.82	
635.156	
635.492	
635.829	
636.165	
636.501	
636.837	
637.173	
637.509	
637.844	
638.18	
638.516	
638.852	
639.188	
639.523	
639.859	
640.194	
640.53	
640.865	
641.201	
641.536	
641.871	
642.207	
642.542	
642.877	
643.212	
643.548	
643.883	
644.218	
644.553	
644.888	
645.223	
645.557	
645.892	
646.227	
646.562	
646.896	
647.231	
647.566	
647.9	
648.235	
648.569	
648.904	
649.238	
649.572	
649.907	
650.241	
650.575	
650.909	
651.243	
651.577	
651.911	
652.245	
652.579	
652.913	
653.247	
653.581	
653.915	
654.248	
654.582	
654.916	
655.249	
655.583	
655.916	
656.25	
656.583	
656.917	
657.25	
657.583	
657.917	
658.25	
658.583	
658.916	
659.249	
659.582	
659.915	
660.248	
660.581	
660.914	
661.246	
661.579	
661.912	
662.245	
662.577	
662.91	
663.242	
663.575	
663.907	
664.24	
664.572	
664.904	
665.236	
665.569	
665.901	
666.233	
666.565	
666.897	
667.229	
667.561	
667.893	
668.225	
668.557	
668.888	
669.22	
669.552	
669.883	
670.215	
670.547	
670.878	
671.21	
671.541	
671.872	
672.204	
672.535	
672.866	
673.197	
673.529	
673.86	
674.191	
674.522	
674.853	
675.184	
675.515	
675.845	
676.176	
676.507	
676.838	
677.168	
677.499	
677.829	
678.16	
678.49	
678.821	
679.151	
679.482	
679.812	
680.142	
680.472	
680.802	
681.133	
681.463	
681.793	
682.123	
682.453	
682.783	
683.112	
683.442	
683.772	
684.102	
684.431	
684.761	
685.091	
685.42	
685.75	
686.079	
686.408	
686.738	
687.067	
687.396	
687.726	
688.055	
688.384	
688.713	
689.042	
689.371	
689.7	
690.029	
690.358	
690.686	
691.015	
691.344	
691.673	
692.001	
692.33	
692.658	
692.987	
693.315	
693.644	
693.972	
694.3	
694.629	
694.957	
695.285	
695.613	
695.941	
696.269	
696.597	
696.925	
697.253	
697.581	
697.909	
698.237	
698.564	
698.892	
699.22	
699.547	
699.875	
700.202	
700.53	
700.857	
701.184	
701.512	
701.839	
702.166	
702.493	
702.821	
703.148	
703.475	
703.802	
704.129	
704.456	
704.782	
705.109	
705.436	
705.763	
706.089	
706.416	
706.743	
707.069	
707.396	
707.722	
708.048	
708.375	
708.701	
709.027	
709.354	
709.68	
710.006	
710.332	
710.658	
710.984	
711.31	
711.636	
711.962	
712.288	
712.613	
712.939	
713.265	
713.59	
713.916	
714.241	
714.567	
714.892	
715.218	
715.543	
715.868	
716.194	
716.519	
716.844	
717.169	
717.494	
717.819	
718.144	
718.469	
718.794	
719.119	
719.444	
719.768	
720.093	
720.418	
720.742	
721.067	
721.391	
721.716	
722.04	
722.365	
722.689	
723.013	
723.338	
723.662	
723.986	
724.31	
724.634	
724.958	
725.282	
725.606	
725.93	
726.254	
726.577	
726.901	
727.225	
727.549	
727.872	
728.196	
728.519	
728.843	
729.166	
729.489	
729.813	
730.136	
730.459	
730.782	
731.105	
731.429	
731.752	
732.075	
732.398	
732.72	
733.043	
733.366	
733.689	
734.012	
734.334	
734.657	
734.979	
735.302	
735.624	
735.947	
736.269	
736.592	
736.914	
737.236	
737.558	
737.88	
738.203	
738.525	
738.847	
739.169	
739.491	
739.812	
740.134	
740.456	
740.778	
741.099	
741.421	
741.743	
742.064	
742.386	
742.707	
743.029	
743.35	
743.671	
743.992	
744.314	
744.635	
744.956	
745.277	
745.598	
745.919	
746.24	
746.561	
746.882	
747.203	
747.523	
747.844	
748.165	
748.485	
748.806	
749.126	
749.447	
749.767	
750.088	
750.408	
750.728	
751.048	
751.369	
751.689	
752.009	
752.329	
752.649	
752.969	
753.289	
753.609	
753.928	
754.248	
754.568	
754.887	
755.207	
755.527	
755.846	
756.166	
756.485	
756.804	
757.124	
757.443	
757.762	
758.082	
758.401	
758.72	
759.039	
759.358	
759.677	
759.996	
760.315	
760.633	
760.952	
761.271	
761.589	
761.908	
762.227	
762.545	
762.864	
763.182	
763.501	
763.819	
764.137	
764.455	
764.774	
765.092	
765.41	
765.728	
766.046	
766.364	
766.682	
767	
767.317	
767.635	
767.953	
768.271	
768.588	
768.906	
769.223	
769.541	
769.858	
770.176	
770.493	
770.81	
771.128	
771.445	
771.762	
772.079	
772.396	
772.713	
773.03	
773.347	
773.664	
773.981	
774.297	
774.614	
774.931	
775.247	
775.564	
775.88	
776.197	
776.513	
776.83	
777.146	
777.462	
777.779	
778.095	
778.411	
778.727	
779.043	
779.359	
779.675	
779.991	
780.307	
780.623	
780.938	
781.254	
781.57	
781.885	
782.201	
782.516	
782.832	
783.147	
783.463	
783.778	
784.093	
784.409	
784.724	
785.039	
785.354	
785.669	
785.984	
786.299	
786.614	
786.929	
787.243	
787.558	
787.873	
788.188	
788.502	
788.817	
789.131	
789.446	
789.76	
790.075	
790.389	
790.703	
791.017	
791.331	
791.646	
791.96	
792.274	
792.588	
792.902	
793.215	
793.529	
793.843	
794.157	
794.471	
794.784	
795.098	
795.411	
795.725	
796.038	
796.352	
796.665	
796.978	
797.292	
797.605	
797.918	
798.231	
798.544	
798.857	
799.17	
799.483	
799.796	
800.109	
800.421	
800.734	
801.047	
801.359	
801.672	
801.984	
802.297	
802.609	
802.922	
803.234	
803.546	
803.859	
804.171	
804.483	
804.795	
805.107	
805.419	
805.731	
806.043	
806.355	
806.666	
806.978	
807.29	
807.601	
807.913	
808.225	
808.536	
808.848	
809.159	
809.47	
809.782	
810.093	
810.404	
810.715	
811.026	
811.337	
811.648	
811.959	
812.27	
812.581	
812.892	
813.203	
813.513	
813.824	
814.135	
814.445	
814.756	
815.066	
815.377	
815.687	
815.997	
816.308	
816.618	
816.928	
817.238	
817.548	
817.858	
818.168	
818.478	
818.788	
819.098	
819.408	
819.717	
820.027	
820.337	
820.646	
820.956	
821.265	
821.575	
821.884	
822.193	
822.503	
822.812	
823.121	
823.43	
823.739	
824.048	
824.357	
824.666	
824.975	
825.284	
825.593	
825.901	
826.21	
826.519	
826.827	
827.136	
827.444	
827.753	
828.061	
828.37	
828.678	
828.986	
829.294	
829.603	
829.911	
830.219	
830.527	
830.835	
831.142	
831.45	
831.758	
832.066	
832.374	
832.681	
832.989	
833.296	
833.604	
833.911	
834.219	
834.526	
834.833	
835.141	
835.448	
835.755	
836.062	
836.369	
836.676	
836.983	
837.29	
837.597	
837.904	
838.21	
838.517	
838.824	
839.13	
839.437	
839.743	
840.05	
840.356	
840.663	
840.969	
841.275	
841.581	
841.888	
842.194	
842.5	
842.806	
843.112	
843.418	
843.723	
844.029	
844.335	
844.641	
844.946	
845.252	
845.558	
845.863	
846.168	
846.474	
846.779	
847.085	
847.39	
847.695	
848	
848.305	
848.61	
848.915	
849.22	
849.525	
849.83	
850.135	
850.44	
850.744	
851.049	
851.354	
851.658	
851.963	
852.267	
852.571	
852.876	
853.18	
853.484	
853.788	
854.093	
854.397	
854.701	
855.005	
855.309	
855.613	
855.916	
856.22	
856.524	
856.828	
857.131	
857.435	
857.738	
858.042	
858.345	
858.649	
858.952	
859.255	
859.559	
859.862	
860.165	
860.468	
860.771	
861.074	
861.377	
861.68	
861.983	
862.286	
862.588	
862.891	
863.194	
863.496	
863.799	
864.101	
864.404	
864.706	
865.008	
865.311	
865.613	
865.915	
866.217	
866.519	
866.821	
867.123	
867.425	
867.727	
868.029	
868.33	
868.632	
868.934	
869.235	
869.537	
869.839	
870.14	
870.441	
870.743	
871.044	
871.345	
871.647	
871.948	
872.249	
872.55	
872.851	
873.152	
873.453	
873.754	
874.054	
874.355	
874.656	
874.956	
875.257	
875.558	
875.858	
876.159	
876.459	
876.759	
877.06	
877.36	
877.66	
877.96	
878.26	
878.56	
878.86	
879.16	
879.46	
879.76	
880.06	
880.359	
880.659	
880.959	
881.258	
881.558	
881.857	
882.157	
882.456	
882.755	
883.055	
883.354	
883.653	
883.952	
884.251	
884.55	
884.849	
885.148	
885.447	
885.746	
886.044	
886.343	
886.642	
886.94	
887.239	
887.537	
887.836	
888.134	
888.432	
888.731	
889.029	
889.327	
889.625	
889.923	
890.221	
890.519	
890.817	
891.115	
891.413	
891.711	
892.008	
892.306	
892.604	
892.901	
893.199	
893.496	
893.794	
894.091	
894.388	
894.686	
894.983	
895.28	
895.577	
895.874	
896.171	
896.468	
896.765	
897.062	
897.358	
897.655	
897.952	
898.248	
898.545	
898.842	
899.138	
899.434	
899.731	
900.027	
900.323	
900.62	
900.916	
901.212	
901.508	
901.804	
902.1	
902.396	
902.692	
902.987	
903.283	
903.579	
903.875	
904.17	
904.466	
904.761	
905.057	
905.352	
905.647	
905.943	
906.238	
906.533	
906.828	
907.123	
907.418	
907.713	
908.008	
908.303	
908.598	
908.892	
909.187	
909.482	
909.776	
910.071	
910.365	
910.66	
910.954	
911.249	
911.543	
911.837	
912.131	
912.425	
912.72	
913.014	
913.307	
913.601	
913.895	
914.189	
914.483	
914.777	
915.07	
915.364	
915.657	
915.951	
916.244	
916.538	
916.831	
917.124	
917.418	
917.711	
918.004	
918.297	
918.59	
918.883	
919.176	
919.469	
919.762	
920.054	
920.347	
920.64	
920.932	
921.225	
921.517	
921.81	
922.102	
922.394	
922.687	
922.979	
923.271	
923.563	
923.855	
924.147	
924.439	
924.731	
925.023	
925.315	
925.607	
925.898	
926.19	
926.482	
926.773	
927.065	
927.356	
927.648	
927.939	
928.23	
928.521	
928.813	
929.104	
929.395	
929.686	
929.977	
930.268	
930.559	
930.849	
931.14	
931.431	
931.721	
932.012	
932.303	
932.593	
932.884	
933.174	
933.464	
933.755	
934.045	
934.335	
934.625	
934.915	
935.205	
935.495	
935.785	
936.075	
936.365	
936.654	
936.944	
937.234	
937.523	
937.813	
938.102	
938.392	
938.681	
938.97	
939.26	
939.549	
939.838	
940.127	
940.416	
940.705	
940.994	
941.283	
941.572	
941.861	
942.149	
942.438	
942.727	
943.015	
943.304	
943.592	
943.881	
944.169	
944.457	
944.746	
945.034	
945.322	
945.61	
945.898	
946.186	
946.474	
946.762	
947.05	
947.337	
947.625	
947.913	
948.2	
948.488	
948.775	
949.063	
949.35	
949.638	
949.925	
950.212	
950.499	
950.786	
951.074	
951.361	
951.648	
951.934	
952.221	
952.508	
952.795	
953.082	
953.368	
953.655	
953.941	
954.228	
954.514	
954.801	
955.087	
955.373	
955.659	
955.946	
956.232	
956.518	
956.804	
957.09	
957.375	
957.661	
957.947	
958.233	
958.519	
958.804	
959.09	
959.375	
959.661	
959.946	
960.231	
960.517	
960.802	
961.087	
961.372	
961.657	
961.942	
962.227	
962.512	
962.797	
963.082	
963.367	
963.651	
963.936	
964.221	
964.505	
964.79	
965.074	
965.358	
965.643	
965.927	
966.211	
966.495	
966.779	
967.064	
967.348	
967.631	
967.915	
968.199	
968.483	
968.767	
969.05	
969.334	
969.617	
969.901	
970.184	
970.468	
970.751	
971.034	
971.318	
971.601	
971.884	
972.167	
972.45	
972.733	
973.016	
973.299	
973.582	
973.864	
974.147	
974.43	
974.712	
974.995	
975.277	
975.56	
975.842	
976.124	
976.407	
976.689	
976.971	
977.253	
977.535	
977.817	
978.099	
978.381	
978.663	
978.944	
979.226	
979.508	
979.789	
980.071	
980.352	
980.634	
980.915	
981.196	
981.478	
981.759	
982.04	
982.321	
982.602	
982.883	
983.164	
983.445	
983.726	
984.007	
984.287	
984.568	
984.849	
985.129	
985.41	
985.69	
985.971	
986.251	
986.531	
986.811	
987.092	
987.372	
987.652	
987.932	
988.212	
988.492	
988.771	
989.051	
989.331	
989.611	
989.89	
990.17	
990.449	
990.729	
991.008	
991.287	
991.567	
991.846	
992.125	
992.404	
992.683	
992.962	
993.241	
993.52	
993.799	
994.078	
994.357	
994.635	
994.914	
995.192	
995.471	
995.749	
996.028	
996.306	
996.585	
996.863	
997.141	
997.419	
997.697	
997.975	
998.253	
998.531	
998.809	
999.087	
999.364	
999.642	
999.92	
1000.197
1000.475
1000.752
1001.03	
1001.307
1001.584
1001.862
1002.139
1002.416
1002.693
1002.97	
1003.247
1003.524
1003.801
1004.077
1004.354
1004.631
1004.908
1005.184
1005.461
1005.737
1006.013
1006.29	
1006.566
1006.842
1007.119
1007.395
1007.671
1007.947
1008.223
1008.499
1008.774
1009.05	
1009.326
1009.602
1009.877
1010.153
1010.428
1010.704
1010.979
1011.255
1011.53	
1011.805
1012.08	
1012.355
1012.63	
1012.906
1013.18	
1013.455
1013.73	
1014.005
1014.28	
1014.554
1014.829
1015.104
1015.378
1015.653
